1.8569 -3.4702 1
-0.2096 -2.8342 1
-1.0265 2.1614 1
0.1095 -0.0925 1
-3.0480 0.6688 1
-0.4764 -1.0575 1
-4.0720 -1.9661 1
3.2814 -0.3725 1
-1.0378 -0.6365 1
1.6393 0.1500 1
4.3773 -0.3016 1
-1.9220 -0.4931 1
-0.7491 2.1735 1
-1.3166 0.1685 1
-0.6970 -1.1865 1
2.1610 -2.5244 1
-4.2553 1.9820 1
2.4781 1.3596 1
1.5999 -5.6694 1
0.4171 0.1334 1
1.4013 -0.8821 1
-0.7931 0.6047 1
3.0122 1.2169 1
0.2644 -1.7376 1
-1.3028 -0.8332 1
-0.8251 -4.0925 1
3.2150 0.3778 1
0.1508 -1.4222 1
-0.5098 2.6364 1
1.0878 1.1198 1
-0.1915 -2.6243 1
0.8329 -2.7859 1
-0.3439 1.4138 1
1.1522 -3.9172 1
3.0358 0.0995 1
-0.9228 -1.7235 1
1.4841 4.9930 1
-0.9286 -0.2136 1
-0.7743 2.5457 1
-0.1368 -1.4485 1
-0.6057 -1.4634 1
-1.3035 -1.3004 1
-3.1563 0.6253 1
-2.3846 -4.3501 1
1.2419 -2.9750 1
3.3150 1.7092 1
-2.7726 -2.4433 1
-1.0828 -0.4717 1
1.7562 -0.6040 1
-0.2125 1.1474 1
2.6737 -2.3298 1
-1.6869 1.5452 1
-0.9161 -2.5101 1
-3.9601 -3.1053 1
-2.2527 -0.1887 1
2.6577 -1.1916 1
0.6742 -2.2752 1
-1.0624 0.5593 1
0.6842 -1.1928 1
-1.4081 2.2715 1
1.1936 -0.5155 1
-4.0479 1.3389 1
2.4508 4.1682 1
0.3046 -4.2880 1
1.3067 -2.7180 1
-1.4566 2.8889 1
-2.7854 -2.6359 1
-2.8644 -0.1535 1
-4.3274 0.5279 1
0.3044 1.8846 1
-3.3614 -3.6040 1
2.6466 -0.6076 1
-1.2955 -1.7796 1
2.8124 0.6902 1
-0.1220 -0.3490 1
-2.2950 0.9472 1
0.2434 1.7173 1
3.5388 0.1678 1
-0.8857 -1.7639 1
-0.6976 2.5876 1
0.8876 -3.7302 1
1.1031 0.9537 1
-0.9625 0.9972 1
1.3491 0.8895 1
-1.6008 0.0101 1
-0.3330 -0.7844 1
2.5572 -0.1115 1
2.1043 -1.8110 1
3.3285 0.1686 1
1.3852 1.8743 1
1.7456 -1.6734 1
-1.4773 2.6438 1
0.9337 -0.7919 1
1.3015 -3.9055 1
-0.3497 -0.5619 1
3.4877 3.2935 1
3.1348 5.0029 1
-0.8114 -0.5800 1
-2.5137 2.6644 1
-3.5082 -1.9640 1
0.3143 0.1310 1
-1.9404 -2.0248 1
-1.4649 1.9715 1
2.6714 1.1607 1
-2.0041 5.7017 1
0.7285 1.8759 1
-1.3820 0.7492 1
-2.7557 -1.0158 1
2.5613 -0.4907 1
1.9396 0.3472 1
1.5857 -2.0233 1
0.3815 -2.2831 1
-0.1287 -0.9748 1
0.0240 2.9923 1
1.7669 2.3917 1
-0.0044 1.9537 1
-1.6747 0.1040 1
-1.7857 1.8070 1
3.2754 3.1116 1
0.2580 0.8649 1
-3.6300 0.8907 1
-1.1450 5.1387 1
-0.7733 1.6122 1
1.1888 -1.8527 1
3.3450 -0.1522 1
3.0385 0.1245 1
-0.1427 0.1327 1
-0.5526 0.7628 1
1.0852 -3.6464 1
1.5329 1.2400 1
0.9073 -0.4578 1
0.1410 -0.3921 1
-1.5902 -0.7304 1
-1.7779 -0.6050 1
-0.1297 0.4654 1
-1.5326 -2.8916 1
-2.4782 -0.2939 1
0.4372 -1.7721 1
-3.5814 1.6786 1
0.1083 -0.4843 1
2.0987 0.7394 1
-0.0751 0.1798 1
-1.6918 -0.4821 1
-1.3191 1.4343 1
-0.0816 2.5269 1
-0.7292 -2.9403 1
-2.2575 0.7228 1
1.8178 -1.7670 1
2.2252 -0.7446 1
-0.4500 0.7242 1
1.7168 3.6029 1
-0.4601 0.7101 1
3.3558 -4.4770 1
-2.3223 5.3129 1
-2.4518 0.1514 1
2.0315 -0.7370 1
1.7064 1.4702 1
0.1777 3.4855 1
1.8689 -0.0697 1
3.8670 3.1403 1
-1.2030 0.7925 1
-1.9053 -2.3213 1
5.1777 -0.7631 1
-1.1676 -0.1873 1
-5.2595 1.9464 1
1.0485 1.4706 1
-2.4239 -0.6011 1
-0.6246 0.1792 1
-1.6640 -0.1192 1
-0.6416 0.0475 1
1.8319 -0.5230 1
1.3853 1.4019 1
-1.2694 2.6649 1
-2.6726 -0.7406 1
4.7158 1.7914 1
0.6778 -3.5234 1
-3.3463 2.3242 1
1.2979 0.4830 1
0.2015 -2.0526 1
-0.5590 1.9743 1
1.2349 -2.8681 1
-1.3194 -0.8514 1
-0.4099 1.1921 1
-3.6085 0.0064 1
0.3056 3.5604 1
-0.3319 -1.5294 1
-5.8593 0.1462 1
-5.7070 -2.4274 1
1.6386 -4.2033 1
-1.7193 1.0225 1
-0.3762 -1.5095 1
-2.5955 -3.6864 1
-0.2675 0.2121 1
-2.2380 2.1027 1
3.3066 -1.0377 1
1.6332 4.9495 1
-4.8324 -0.3418 1
3.2615 1.8226 1
-0.3542 0.4318 1
0.6927 3.9887 1
2.2657 -0.4930 1
0.9109 0.3755 1
2.5562 1.8068 1
-1.9084 3.1231 1
-2.5337 -1.4981 1
0.7634 -2.0978 1
0.1114 1.3328 1
-2.1275 0.3414 1
-0.1505 -3.2417 1
-3.7680 -3.8814 1
1.5133 -0.4720 1
0.5727 2.6517 1
1.4857 0.4367 1
2.6272 0.5382 1
-1.4794 1.3485 1
-1.0102 1.3418 1
-0.2193 1.7452 1
1.5349 -2.7515 1
2.3806 -1.6396 1
0.8766 0.4976 1
-0.1224 1.3068 1
2.5721 -1.8647 1
-0.9000 -1.2220 1
3.1943 -1.6446 1
-2.6430 -2.7391 1
-0.5263 -2.4289 1
-0.8976 3.0853 1
-5.1634 -0.1659 1
-1.6864 0.7172 1
-0.3122 0.6931 1
-1.0341 -2.0251 1
1.7134 1.6448 1
-1.1800 -1.4555 1
1.4310 1.8004 1
-0.9330 1.3303 1
-2.4585 0.5493 1
2.5089 0.2055 1
0.8851 4.2436 1
-2.2675 1.4968 1
0.5782 0.7266 1
-0.0775 -0.9805 1
-0.8927 1.0582 1
-1.3623 -0.5056 1
1.1390 -5.1083 1
2.2893 -1.3995 1
-0.7837 0.3743 1
3.1619 -0.0459 1
0.7188 -2.2556 1
2.2820 -0.1647 1
-1.1797 1.3738 1
1.2175 1.4026 1
-4.0357 0.2299 1
4.9085 1.6838 1
-0.4650 -1.8165 1
1.5978 2.1285 1
2.8029 -2.6457 1
1.7296 2.4455 1
-2.5027 0.1428 1
-0.6078 -1.9879 1
-0.6459 3.9925 1
0.8595 0.1278 1
0.3470 2.2018 1
0.1799 -3.5204 1
4.3769 -1.5065 1
4.3822 2.4933 1
5.0161 1.0937 1
2.5456 4.7857 1
-1.9875 0.6184 1
-3.9113 -2.1563 1
-1.7009 -1.9559 1
1.5821 2.8255 1
-0.1451 -3.3431 1
-0.1768 1.3265 1
-0.3667 -1.9929 1
2.8436 -1.4038 1
2.2937 -0.9317 1
-0.2631 -0.2410 1
1.1674 0.1072 1
3.4760 -4.7671 1
-0.4923 1.7207 1
-6.4039 0.1014 1
2.3848 -1.1451 1
-6.8114 -1.8366 1
0.4151 -0.3706 1
-0.1862 1.6692 1
-0.6972 -2.1677 1
-1.5063 3.0194 1
1.3491 -1.7979 1
2.8552 -2.3403 1
1.2502 -0.2514 1
0.9713 -0.7836 1
-0.3338 0.8446 1
2.2182 -6.2461 1
1.2908 -1.5530 1
-4.7859 -1.0262 1
0.7874 -0.7931 1
1.0864 0.2487 1
-1.0904 0.2594 1
-0.1363 -2.0248 1
-1.4884 -3.2406 1
-0.3180 2.6936 1
-0.3380 1.5852 1
0.7127 0.3002 1
-2.5017 0.3914 1
1.0808 -0.7111 1
1.1381 0.8617 1
-1.9115 2.9612 1
0.0799 -0.2811 1
-0.7967 4.5148 1
1.8985 -0.4496 1
0.3028 2.6276 1
1.6993 -5.6262 1
-3.3058 2.7928 1
0.4916 6.9023 1
-2.6953 -0.5443 1
0.4653 2.3575 1
-1.5184 -0.8950 1
1.4232 -1.4808 1
-1.8074 -0.9239 1
0.1815 -2.3814 1
0.3286 -2.4755 1
-0.5121 -3.2663 1
3.7540 -0.7659 1
2.7685 -0.1687 1
-1.4818 -1.4314 1
-4.4570 -3.3390 1
-5.0053 -2.8838 1
-1.9248 0.0703 1
-4.7565 1.8932 1
-0.5494 -5.6012 1
1.4552 2.2383 1
3.3155 1.5251 1
1.2722 -0.2098 1
-1.5033 1.0018 1
-3.0783 0.6174 1
2.7291 -2.9728 1
-0.3834 -2.8659 1
6.2844 2.3725 1
-0.1445 2.5395 1
-1.2780 2.3496 1
-1.2023 3.9604 1
3.2173 -0.0311 1
-1.5429 -2.5359 1
0.7127 -0.3741 1
5.2235 -1.8500 1
1.3394 0.7424 1
0.5400 1.3195 1
2.6793 2.3536 1
2.0369 -1.3628 1
-0.3661 2.2251 1
0.9958 0.6422 1
-0.5048 2.5318 1
-0.1762 3.0331 1
-1.8306 -0.6528 1
-0.3191 3.5795 1
-0.4714 -0.5170 1
1.8088 1.6778 1
-0.4228 -2.8253 1
-0.1036 -2.2703 1
3.0911 -0.4203 1
2.1687 -1.8457 1
-2.3751 1.4625 1
5.3702 -0.8630 1
3.6830 -2.5144 1
-2.3233 0.8470 1
0.4435 1.2633 1
1.0021 -0.8597 1
0.1960 -1.4284 1
0.8914 -2.0004 1
-1.5111 -0.9298 1
1.1015 2.5396 1
-0.0889 -1.0407 1
1.6130 -1.4033 1
2.1218 -0.2408 1
0.8432 3.4415 1
0.3753 1.3075 1
3.4470 -2.4092 1
0.6698 2.4143 1
0.3376 1.2689 1
-0.1890 2.1376 1
3.3345 0.5095 1
-1.1621 -0.1406 1
0.7055 0.3603 1
2.8752 0.8279 1
-3.2999 0.2675 1
-2.2297 -0.2859 1
1.1615 -1.7468 1
1.4213 -0.9159 1
0.2280 0.2386 1
1.2343 -3.2340 1
-3.4486 1.7074 1
-0.9482 1.5012 1
-2.2275 -2.4352 1
-1.5933 2.6053 1
-3.7452 0.6240 1
0.5861 -1.2609 1
-0.6670 -4.1861 1
1.4381 1.3698 1
-3.8608 1.3512 1
-2.0016 -0.2537 1
1.7940 2.0124 1
0.9800 -1.2087 1
-2.7980 1.5051 1
1.6778 0.6446 1
5.8688 2.8997 1
1.8654 4.4980 1
1.9164 6.7937 1
-0.6158 0.8064 1
4.4319 -0.2396 1
-1.7785 -2.0891 1
3.9713 -3.0442 1
0.7979 3.3353 1
2.4352 2.3765 1
-2.7987 0.1804 1
0.3177 -4.0573 1
-1.6950 0.6923 1
0.1168 -1.2247 1
-0.7502 3.6713 1
3.3000 0.3671 1
1.3828 -3.3769 1
5.8895 -4.6287 1
2.7908 0.1043 1
0.7389 0.4996 1
0.2242 3.0998 1
-4.6969 -0.7711 1
2.5624 2.9978 1
-0.3262 -3.4087 1
-0.3316 3.7738 1
0.6339 -0.7716 1
0.0219 2.3738 1
1.4651 0.7087 1
-6.1847 0.6337 1
-2.0549 -0.5159 1
-0.8919 -3.3717 1
2.7713 0.4006 1
1.1004 1.7345 1
4.5981 -1.2716 1
-3.4207 -1.7597 1
0.8867 -0.6253 1
-0.7582 0.2595 1
-5.1125 -0.3391 1
0.6855 -0.5173 1
3.4824 0.5753 1
-1.4746 -2.1235 1
0.2797 -4.2041 1
-0.9643 -0.9557 1
1.6957 2.0866 1
4.5448 3.8188 1
-3.3628 -2.1150 1
1.5166 0.3529 1
-1.4597 -0.6168 1
2.9488 1.8580 1
4.5303 4.8559 1
-0.6304 -1.4576 1
-5.2770 -0.3289 1
-1.5256 -0.8385 1
4.1339 4.7636 1
-0.7344 1.5521 1
0.2503 0.3521 1
-0.4689 0.5315 1
0.6477 5.1714 1
-2.3503 0.9756 1
1.1401 0.3569 1
1.7304 -2.2849 1
-2.4482 3.1089 1
0.0040 2.4989 1
-0.5358 0.8161 1
-1.3232 3.0907 1
5.1766 2.9789 1
-0.5034 -6.1101 1
-1.5726 2.5052 1
1.7035 0.1791 1
-1.6520 2.9334 1
-2.4236 -0.9500 1
2.1608 -1.3839 1
2.8253 -0.0544 1
0.8206 -0.2217 1
-0.5028 -2.9181 1
-0.5985 -3.3386 1
-1.5436 1.4031 1
0.9983 0.9251 1
1.6611 2.1315 1
2.8275 1.6251 1
-4.7609 4.0608 1
-4.5732 4.6612 1
-1.3798 1.6750 1
0.4224 0.0310 1
-2.5170 1.5365 1
-1.1096 -1.9194 1
1.8461 -0.2567 1
0.7739 -0.6024 1
-1.4152 0.2223 1
-1.0552 1.2535 1
0.8176 -2.2330 1
5.5475 -2.4121 1
2.4221 -5.7336 1
1.9660 -0.4967 1
0.7200 0.7359 1
-2.0854 1.0889 1
-2.4379 -2.5942 1
9.6999 1.9714 2
10.6424 1.6528 2
10.8259 -1.2080 2
10.2814 0.3443 2
10.4280 -1.0884 2
8.6086 -2.3958 2
8.1930 -0.7033 2
8.0493 1.9780 2
10.3120 0.4871 2
11.3624 0.0699 2
9.8027 4.0342 2
10.7622 -2.9833 2
9.6369 -1.2808 2
12.5081 -1.8751 2
13.1240 -3.1189 2
7.1690 2.8156 2
9.7544 3.1988 2
11.4451 -0.9566 2
12.9116 -4.0490 2
12.5633 3.2322 2
11.7542 -1.7547 2
7.5887 2.4344 2
5.9262 2.5230 2
9.0776 -0.0130 2
10.4050 -4.0441 2
7.3823 0.1612 2
9.0209 1.1668 2
8.9614 4.1107 2
14.6510 -0.6166 2
7.7815 -0.1267 2
7.6373 1.9060 2
14.1205 0.0215 2
14.3743 1.5280 2
11.7618 3.4197 2
7.3836 0.1654 2
9.1089 2.5634 2
5.9780 0.7585 2
7.7306 -0.3750 2
7.8845 1.2265 2
12.4498 -1.0943 2
8.2401 2.0928 2
10.6919 -0.3319 2
13.4657 1.1282 2
10.9773 -4.6841 2
8.8057 1.8863 2
8.8316 -2.1993 2
8.3494 -2.0607 2
8.6448 0.6362 2
10.8757 2.8000 2
10.1621 2.6056 2
7.4185 -0.1154 2
13.2259 2.7000 2
9.5314 5.0020 2
10.7757 -1.5476 2
14.4635 -0.4373 2
12.3098 -2.5733 2
13.5743 -1.1030 2
7.1507 -1.9110 2
5.2294 -2.2512 2
10.8865 3.5721 2
8.3763 2.3599 2
10.0862 -2.2343 2
10.2501 -0.1794 2
10.8143 3.1890 2
7.4508 0.7492 2
12.0448 3.0340 2
10.5467 -3.6176 2
10.2747 0.8795 2
8.1438 1.3040 2
12.4606 -1.7140 2
9.9715 3.5350 2
9.8616 1.1040 2
10.5573 -4.9227 2
9.5804 -3.1543 2
10.2147 2.7645 2
9.8454 0.0715 2
9.9144 2.7104 2
12.7278 -0.2266 2
10.6882 1.0039 2
6.2040 -3.1202 2
13.1573 -1.2216 2
9.8601 -0.7430 2
13.1170 2.5349 2
8.5595 -1.0385 2
4.4587 0.2613 2
10.8956 0.0309 2
8.9959 -1.4518 2
8.3152 2.5708 2
8.3514 3.1467 2
7.6560 0.6614 2
11.4378 1.2882 2
11.7335 1.6149 2
7.4972 -2.8445 2
7.8688 2.7973 2
9.4841 -4.4351 2
8.1293 -2.2499 2
6.2501 -1.3055 2
11.6129 0.8824 2
11.5015 0.7385 2
10.0719 -1.3096 2
11.9305 -2.9643 2
8.9513 1.2592 2
10.4305 -1.4360 2
11.0985 1.3600 2
10.5973 1.1552 2
8.0330 2.7924 2
8.3553 -2.4472 2
9.1325 -1.7306 2
8.4355 0.8152 2
6.4877 -2.4983 2
11.6893 -1.4970 2
11.1828 -0.1901 2
8.6623 -0.6493 2
13.3141 1.7050 2
9.8712 -1.5746 2
12.8984 1.1372 2
12.3907 -1.3357 2
9.2406 -2.1610 2
8.8213 3.7138 2
12.3645 -0.2128 2
11.3022 -0.3616 2
8.3620 -1.3865 2
8.2458 -0.9100 2
12.4466 2.3525 2
8.8865 -1.6120 2
8.5293 -2.0076 2
9.9214 -0.9095 2
11.7060 -3.5514 2
9.4186 0.6986 2
11.9571 -1.4900 2
9.3134 5.0055 2
8.9625 1.8248 2
9.0129 -2.3020 2
5.5691 4.4833 2
12.2264 0.0467 2
9.7840 -1.4370 2
9.7331 -1.6885 2
7.9597 0.2906 2
9.9370 -0.1609 2
10.7892 1.9921 2
16.2927 0.1783 2
12.9071 0.3137 2
11.1411 -2.7600 2
9.2534 -1.8169 2
5.1517 -1.0001 2
14.1240 3.6618 2
7.4202 -3.9653 2
11.0976 -2.3276 2
11.7113 -0.9152 2
7.1660 -0.5724 2
5.5077 -0.8214 2
12.3265 -3.0579 2
9.6798 5.5829 2
12.2788 2.3068 2
8.1304 -4.4262 2
10.7678 -0.2567 2
9.3851 4.0336 2
10.1375 1.1495 2
11.7569 0.8005 2
10.2722 1.2065 2
6.8795 -0.2687 2
8.5811 -2.1582 2
14.1231 1.7177 2
9.6683 5.2218 2
9.5815 -3.2235 2
10.3476 0.6778 2
14.1458 1.3028 2
4.9038 2.2464 2
8.5107 0.2439 2
6.0327 1.5527 2
10.1286 4.7191 2
8.9528 0.3193 2
12.0364 -3.1225 2
8.9241 -3.8553 2
10.6453 -1.7780 2
9.3305 1.4547 2
8.5734 1.4490 2
10.9307 1.7526 2
15.0722 -0.8759 2
10.9647 -3.6410 2
4.4968 2.3222 2
6.9686 0.4848 2
6.4133 -1.0864 2
13.6799 2.0472 2
10.3844 1.4291 2
11.7353 -1.2698 2
7.8812 1.2794 2
9.8339 0.6014 2
9.0088 -0.0180 2
7.4851 -4.7887 2
6.4105 -2.2829 2
8.7332 -1.3415 2
10.5937 2.5064 2
11.7735 0.2201 2
8.6502 0.4703 2
6.0043 -1.6743 2
8.7812 -2.8579 2
12.6388 1.3266 2
12.1017 1.4598 2
7.4154 -1.5008 2
9.7946 -1.7848 2
8.0873 -1.7364 2
11.3788 -0.5699 2
9.4506 2.1432 2
10.2683 0.5209 2
9.4305 -3.0659 2
11.8600 0.1519 2
9.0117 2.4121 2
9.8552 0.6565 2
7.7265 1.2564 2
9.5054 2.6377 2
9.4895 -0.8677 2
7.0862 -0.3798 2
13.8714 -0.4025 2
5.5646 0.0230 2
7.4006 -0.2738 2
11.7935 0.1863 2
7.8906 2.6415 2
12.1003 -2.7855 2
9.4609 -1.7507 2
7.1862 -1.2835 2
6.4568 -0.8530 2
12.4390 -1.8672 2
11.3834 -3.2221 2
11.0032 -0.3884 2
10.3945 -1.1438 2
6.9656 0.0599 2
12.6686 -1.0010 2
11.4032 0.6632 2
7.4729 -1.9373 2
8.5345 -2.7047 2
9.1895 -0.0243 2
8.7237 2.6720 2
6.3058 -2.1778 2
4.6598 -0.1690 2
9.1326 1.7896 2
6.0282 -0.7141 2
9.3857 1.9396 2
14.7026 -0.3865 2
8.8215 3.1373 2
12.3853 -4.9371 2
11.1973 -2.9992 2
8.7004 -0.6504 2
12.1180 1.0907 2
10.8028 2.1870 2
9.9822 2.3167 2
12.8519 2.8358 2
11.3189 3.0293 2
16.6775 1.8402 2
9.1943 0.7257 2
9.4435 -1.7896 2
11.7620 1.6130 2
7.7424 1.5929 2
11.2026 -3.6991 2
12.0362 -0.1231 2
9.1350 0.7692 2
12.6910 0.9692 2
14.4108 -2.4078 2
7.0407 -1.0321 2
11.1143 1.2969 2
11.2267 0.6379 2
10.2059 -0.5944 2
7.8257 -0.2820 2
13.8015 0.0065 2
12.5593 -4.0774 2
11.9272 0.7974 2
12.8188 2.9654 2
13.6457 -4.5993 2
6.6515 0.2168 2
8.5161 -0.0178 2
8.4780 1.6914 2
8.2788 -1.2750 2
7.6189 -0.5897 2
9.2258 0.9187 2
8.5411 -0.1272 2
12.9382 2.4820 2
10.2500 2.9927 2
11.5663 -0.8885 2
14.7703 1.0836 2
7.6791 -1.1135 2
11.0580 2.7949 2
8.7673 -4.0908 2
11.9286 -1.5435 2
6.5302 6.8084 2
11.2211 1.3321 2
8.0172 1.8222 2
9.3959 2.0369 2
10.9999 -0.5885 2
13.5473 -0.8348 2
9.6054 0.5662 2
10.9859 0.7429 2
11.4434 -0.2542 2
6.3428 -4.3144 2
4.4162 2.1445 2
8.0421 -1.2861 2
11.4951 2.1307 2
9.5387 -0.0731 2
13.6681 -0.0367 2
8.2559 -1.2694 2
9.2295 -3.5581 2
12.8854 -0.9213 2
11.8799 2.0720 2
8.8201 -4.0553 2
8.8567 1.8064 2
10.7436 0.3689 2
9.9455 -1.1356 2
8.5198 1.3166 2
7.3937 -1.6305 2
8.0033 -2.0357 2
6.8762 -0.4832 2
10.9097 1.0501 2
6.9419 0.4431 2
7.3579 0.8846 2
13.4889 3.8815 2
14.8220 2.5964 2
15.1331 4.2840 2
8.5620 5.8888 2
6.8566 -3.7242 2
12.9423 -1.5629 2
6.7756 -0.0580 2
10.4457 3.3355 2
12.5239 1.8188 2
11.0249 3.5518 2
7.0605 1.1983 2
9.3946 -1.6435 2
12.4575 -0.8215 2
10.7361 -0.5150 2
10.2990 -1.1920 2
9.1670 -0.6785 2
10.4513 -0.0818 2
13.2166 -2.3269 2
10.0919 2.3545 2
13.4522 0.8515 2
11.4906 -0.6381 2
11.1702 -0.7999 2
8.8648 -0.5234 2
8.1185 0.4335 2
9.4583 1.5605 2
9.9872 -0.1059 2
12.1269 -0.7881 2
13.1957 -1.4245 2
9.3652 -1.1468 2
6.7670 1.1971 2
7.6657 2.4955 2
14.4209 2.7449 2
8.4418 -1.4661 2
6.6204 -3.2901 2
9.5486 2.9403 2
10.1161 0.0796 2
9.8122 2.7257 2
4.7616 1.5859 2
7.6358 2.4318 2
9.6121 0.6505 2
5.3623 -1.3546 2
13.4705 -7.9943 2
6.9053 -1.4435 2
8.5733 -0.2083 2
8.4081 -3.0786 2
12.1956 -1.3000 2
11.2485 -1.2175 2
9.7629 0.9981 2
8.9458 -0.1812 2
10.1480 4.9533 2
12.9653 1.8419 2
10.7980 -1.4018 2
8.7951 -1.5076 2
12.5290 1.2891 2
9.0444 0.1289 2
8.8969 1.6556 2
10.0013 1.5870 2
15.8799 -1.9045 2
15.8830 0.9345 2
10.2744 1.3426 2
12.0987 -2.6243 2
10.0613 -0.1779 2
10.0406 -0.2087 2
9.3379 -6.6310 2
6.8842 -1.2861 2
6.1051 2.1111 2
7.5037 -3.8741 2
11.3369 -0.0792 2
13.5689 -0.6736 2
11.2732 -1.2135 2
6.0956 -3.6093 2
9.3283 0.4918 2
6.4402 1.3878 2
13.1653 2.3869 2
9.3361 -0.7962 2
7.4015 1.8344 2
11.6532 1.1197 2
10.2317 -0.5471 2
12.4821 1.9459 2
11.4225 1.4398 2
8.3633 -0.3903 2
8.7720 -5.2903 2
7.5280 3.6579 2
12.1315 2.0920 2
13.1244 1.5883 2
7.7050 -1.0751 2
9.8510 -1.0183 2
8.0374 2.3019 2
7.0900 3.2303 2
8.8511 0.2820 2
12.7811 2.1987 2
14.8859 3.3942 2
12.3612 2.2384 2
9.1245 1.8292 2
8.7721 -3.6114 2
10.0964 3.0796 2
9.0069 -1.5648 2
12.6264 0.2668 2
8.0378 -0.7839 2
11.4148 -0.1915 2
5.5379 -3.7781 2
9.3207 -2.0931 2
13.6146 -0.1887 2
8.9551 1.7438 2
9.5335 2.6811 2
9.1012 -1.8992 2
6.8973 0.3600 2
11.6075 2.3636 2
9.6523 -0.2192 2
9.0196 1.5509 2
13.9771 -2.2458 2
6.0565 -1.2348 2
12.2529 2.6147 2
13.7473 -4.3566 2
9.6433 -0.8980 2
8.0408 0.1430 2
13.8035 -4.4426 2
7.8665 2.2263 2
10.5532 0.5055 2
7.8159 1.9793 2
14.0997 -0.5629 2
10.4159 2.0787 2
11.3145 0.0268 2
9.3392 -2.3200 2
13.8171 -1.9891 2
10.9868 1.9632 2
10.0990 1.4538 2
10.2701 0.2396 2
8.8222 -0.0384 2
10.5992 -0.4187 2
9.2683 -1.4181 2
10.3307 3.1113 2
17.4559 1.5290 2
8.8263 -3.0793 2
8.3364 -3.5228 2
12.0300 2.0821 2
8.8680 0.1348 2
9.1959 -0.8218 2
4.3764 1.1841 2
11.4384 -4.2036 2
7.0488 -0.4834 2
10.9700 1.3955 2
11.3322 -4.6488 2
11.6869 0.2882 2
9.4721 -0.3299 2
7.9074 -3.0021 2
11.0546 -2.8571 2
12.5408 4.0189 2
7.2534 -2.3799 2
5.9806 1.5194 2
7.5244 1.6230 2
8.3438 3.4540 2
13.6344 -1.9299 2
3.5944 -1.8571 2
9.4907 -4.4024 2
9.2799 -2.8576 2
8.7138 -1.1190 2
8.3197 0.8569 2
7.7543 1.2180 2
12.8644 -1.2896 2
10.9925 -1.2170 2
8.1702 -3.0602 2
8.4695 1.7812 2
8.4619 1.5731 2
11.6187 0.5355 2
9.8403 2.4175 2
10.5279 0.3836 2
8.5749 4.6592 2
7.8689 0.8166 2
12.5871 3.4174 2
9.5189 2.7449 2
12.2868 6.4814 2
10.9911 -5.7555 2
8.2367 -2.2919 2
12.9291 3.5388 2
10.3742 3.8029 2
11.6691 -0.5475 2
8.0361 -7.5048 2
9.6865 -0.8295 2
10.7275 3.1107 2
10.4206 -0.4629 2
9.8041 3.7355 2
7.9057 2.6389 2
11.8038 -1.9832 2
8.5164 -3.5285 2
8.5343 2.1141 2
9.1797 2.4641 2
6.0213 5.1448 3
3.3054 8.7923 3
6.7458 2.7770 3
5.4210 5.1018 3
8.7800 3.7347 3
2.3712 2.7849 3
3.0728 4.5054 3
2.8620 5.1206 3
5.1194 9.0529 3
6.9731 4.3356 3
9.7954 6.3520 3
5.4789 3.3875 3
5.1535 5.0098 3
2.9546 6.7565 3
5.4399 3.1959 3
4.2117 5.0341 3
5.6191 4.2631 3
5.8101 4.2949 3
7.9147 5.6172 3
4.5440 5.6581 3
4.5207 3.4237 3
2.8148 3.0531 3
3.6563 4.9570 3
4.7820 5.6765 3
7.1044 5.0324 3
5.9439 3.5390 3
9.0579 5.3095 3
7.0053 9.2422 3
3.8954 4.7683 3
6.6053 7.5771 3
6.6315 7.4241 3
3.9377 1.7146 3
4.8224 4.2175 3
4.3358 7.9455 3
4.3140 3.7682 3
1.4828 6.7027 3
2.3074 3.7149 3
2.5645 6.8075 3
3.0216 4.4731 3
5.8807 4.9405 3
7.0911 11.9156 3
2.6514 2.4438 3
2.7549 7.0173 3
2.4102 7.4131 3
1.6147 3.8276 3
3.5970 0.1948 3
5.7729 7.7908 3
5.5575 5.1954 3
6.2369 2.7877 3
3.3457 5.2005 3
1.9596 1.6509 3
5.7099 6.5922 3
5.4967 5.5967 3
5.2523 5.9484 3
2.8668 7.3733 3
1.6315 0.4753 3
7.5690 2.6236 3
3.4754 6.8322 3
2.6503 7.1199 3
5.7326 4.7415 3
5.7780 5.7267 3
4.4080 5.9609 3
5.0012 6.7462 3
3.7002 6.2290 3
1.4522 4.8289 3
4.4289 4.3234 3
6.7217 4.3482 3
3.9012 2.3127 3
3.3827 1.5279 3
6.8062 6.2889 3
3.2223 7.9453 3
3.0821 3.3655 3
3.5772 1.5802 3
1.4976 3.9253 3
4.3536 5.0034 3
9.5515 2.9632 3
4.9849 5.2837 3
6.2906 5.8396 3
5.4268 4.9610 3
8.9011 6.8515 3
7.7266 5.6221 3
4.4495 8.4283 3
4.3262 4.3468 3
5.9606 0.6823 3
4.0930 2.6865 3
4.0890 6.0471 3
6.6855 5.5225 3
2.6124 5.7278 3
6.8599 4.6257 3
3.5289 9.1912 3
3.0666 7.0246 3
2.8410 4.8770 3
2.5678 7.0888 3
5.9859 3.3296 3
4.6055 4.2828 3
6.7053 3.4668 3
4.9670 5.9091 3
2.5448 9.1637 3
4.3977 5.6685 3
7.7518 4.0527 3
4.6714 5.6336 3
3.7938 4.5347 3
6.3679 1.0174 3
6.1607 3.0777 3
8.3221 5.0511 3
4.4593 9.3966 3
4.8935 3.3987 3
3.9335 4.5842 3
1.1837 3.2943 3
7.2739 3.7333 3
8.4933 2.6775 3
6.2762 7.7175 3
4.9698 5.4350 3
3.0482 2.1615 3
3.8332 6.2827 3
5.3987 5.7559 3
4.2004 4.0734 3
3.8325 3.5990 3
4.9405 2.7756 3
8.3479 6.7649 3
7.2286 5.5523 3
8.4625 4.5621 3
5.1756 7.2436 3
4.8869 0.0903 3
8.3932 6.4508 3
6.6255 4.0253 3
2.9452 5.0216 3
8.0350 5.2083 3
4.9229 5.2144 3
5.5501 4.7088 3
7.3065 3.3552 3
-0.0586 7.0835 3
3.8353 3.6176 3
1.1720 7.1664 3
5.5952 5.1346 3
3.6991 8.2589 3
3.2270 3.4620 3
3.6793 0.5388 3
3.4925 2.1092 3
3.1492 3.3931 3
7.7522 6.1237 3
9.3201 3.9098 3
4.9559 1.2921 3
6.4601 4.3344 3
4.6974 1.4355 3
8.2118 4.0735 3
8.0416 1.6893 3
3.0229 5.0194 3
7.8967 3.4319 3
5.8366 4.2533 3
7.0121 3.4799 3
7.3002 7.4102 3
5.6043 5.7173 3
5.9603 8.2017 3
4.8562 1.3412 3
6.0191 4.4607 3
3.4259 5.2375 3
2.7433 7.4813 3
4.8263 6.5094 3
3.8591 2.0491 3
4.9187 7.2185 3
5.7460 5.9194 3
6.2378 5.5457 3
2.5148 2.5786 3
5.2427 3.0470 3
4.5669 4.9620 3
2.8187 5.7886 3
5.4945 7.8250 3
6.5790 6.3774 3
7.5170 4.8833 3
8.7240 5.5305 3
4.7377 4.3777 3
6.4919 3.7090 3
5.7325 4.5016 3
6.7923 3.7593 3
5.6440 6.9778 3
6.4995 5.0884 3
6.7391 7.3139 3
6.6152 0.4125 3
7.1090 5.8999 3
6.0718 3.7827 3
5.9367 5.5224 3
6.2494 3.3851 3
7.0172 3.6671 3
5.1554 5.4458 3
4.2316 9.4787 3
2.0255 4.0028 3
2.8980 6.1067 3
5.4415 4.3092 3
8.1048 4.8036 3
7.5704 0.8875 3
6.1896 1.6481 3
3.9000 6.6065 3
7.7729 2.7428 3
0.1764 7.0885 3
5.6427 6.2893 3
5.9776 6.9726 3
5.0690 4.9960 3
5.2154 8.6768 3
5.7934 5.4976 3
6.2988 8.3503 3
4.1296 4.3471 3
5.9167 3.1145 3
8.8474 4.3193 3
6.6793 6.3168 3
4.0317 3.8445 3
6.9935 4.8625 3
5.2951 3.6713 3
7.0095 5.7684 3
3.4550 4.6854 3
1.8435 3.3974 3
3.9854 5.1360 3
2.7592 5.9536 3
4.1379 4.3258 3
4.8736 5.4568 3
10.0300 4.7657 3
5.3787 6.9145 3
3.6680 5.7726 3
5.7378 6.1178 3
4.6416 6.9363 3
6.7177 4.7882 3
8.1514 1.6191 3
8.5777 2.4980 3
4.0064 3.2201 3
6.8684 5.6908 3
6.7339 6.5854 3
6.0033 5.4008 3
6.1095 4.5398 3
1.5003 3.9244 3
2.8140 8.6139 3
4.0191 3.2604 3
1.2881 5.0464 3
5.0871 4.7453 3
3.8456 6.7380 3
2.6080 4.5644 3
3.7023 5.9110 3
2.1977 2.8290 3
3.7921 1.5712 3
4.8141 6.2543 3
6.2076 4.3098 3
7.2476 5.4863 3
5.9479 4.3679 3
4.6591 3.7927 3
6.1452 7.2461 3
5.9652 7.1269 3
6.6486 8.3234 3
5.4351 6.4927 3
3.4393 4.7357 3
5.0686 6.1590 3
5.1120 3.3275 3
1.9163 4.7041 3
5.5692 4.2836 3
6.0022 2.4176 3
5.5490 9.4605 3
3.2536 4.5032 3
9.7551 3.2501 3
2.0052 4.7472 3
5.4647 3.6022 3
3.6668 6.2196 3
4.9741 5.8135 3
0.7061 2.8817 3
7.3645 3.6817 3
8.5118 7.5576 3
4.9104 8.1414 3
6.3555 6.3697 3
4.6063 5.0347 3
7.1739 9.3759 3
6.5719 3.8065 3
3.5866 3.9542 3
4.0244 5.1429 3
8.9259 7.4237 3
6.7229 2.7821 3
6.7065 6.0801 3
4.7880 4.4083 3
7.8396 3.6815 3
9.5851 7.2141 3
-0.0967 4.9982 3
6.6981 3.3341 3
4.7570 6.0026 3
5.5613 6.5592 3
6.2659 5.7507 3
5.1280 1.2877 3
7.7453 2.1894 3
3.9781 4.1225 3
2.3499 4.5019 3
5.3345 3.4810 3
0.9234 6.7794 3
1.8013 -0.1274 3
2.2215 6.9345 3
3.7090 5.2503 3
6.8023 6.3461 3
2.8284 4.4655 3
3.1440 2.7555 3
6.8252 4.5944 3
7.0016 4.2917 3
2.9612 9.1642 3
7.0676 5.2504 3
6.3109 6.4892 3
5.1413 5.5745 3
2.0356 7.7325 3
2.3344 5.0959 3
2.2541 4.0534 3
6.6838 4.2052 3
3.8957 1.3655 3
5.9486 5.8210 3
3.7987 5.9536 3
3.6038 1.5401 3
3.2866 8.6860 3
2.7401 6.6327 3
6.5466 7.5525 3
4.4224 5.2407 3
6.9859 6.5465 3
3.7530 1.7282 3
5.1868 5.0817 3
4.8448 3.5487 3
2.3396 3.2327 3
4.2492 1.6560 3
3.3253 2.7027 3
6.5261 2.0692 3
5.6913 0.0988 3
3.2584 5.3145 3
4.9193 3.9220 3
5.8375 2.8550 3
2.9537 7.1041 3
5.4643 8.5092 3
4.7423 1.1152 3
5.0143 7.5509 3
4.3118 4.0455 3
4.2581 5.6251 3
1.8425 5.9306 3
7.2495 3.7722 3
2.8820 5.7510 3
6.4159 7.9358 3
0.7497 5.5557 3
3.3032 5.6055 3
0.9652 3.8764 3
8.3926 3.9687 3
6.4446 9.6504 3
1.8505 4.4967 3
2.8507 4.8760 3
3.5723 3.7302 3
6.9803 7.0975 3
4.8148 2.5642 3
6.5012 5.8349 3
5.8248 6.0299 3
5.5741 2.4635 3
5.2828 6.1302 3
5.4717 5.2850 3
4.9810 3.6940 3
5.2202 9.2105 3
6.7047 3.9303 3
7.8797 4.0529 3
5.8885 2.5009 3
2.9176 1.8939 3
4.1039 3.2113 3
5.9673 5.9595 3
5.8410 4.8989 3
6.9048 2.9373 3
4.8091 3.8544 3
4.8653 6.5308 3
5.4566 5.9598 3
7.4803 5.0269 3
6.9416 4.0310 3
6.4517 3.2374 3
3.7594 3.7120 3
2.4559 1.9619 3
3.2713 5.0798 3
4.3215 6.3473 3
5.5911 3.7284 3
5.5102 6.3268 3
4.7023 8.3597 3
6.3460 7.4037 3
4.2251 5.0232 3
2.8862 1.7446 3
8.5129 5.9781 3
2.3892 4.1530 3
9.0938 8.4851 3
4.3246 6.5732 3
6.0666 5.0323 3
3.9395 4.5140 3
2.2577 8.8241 3
5.2663 2.9538 3
5.3478 2.0326 3
4.5637 3.0626 3
6.3257 3.0632 3
5.2579 1.1543 3
2.8367 6.8647 3
5.6864 4.7706 3
4.7223 3.7510 3
5.9450 3.0392 3
4.4579 4.1971 3
5.7516 4.1732 3
4.1266 1.4363 3
4.7641 4.0129 3
2.4934 2.7425 3
6.2201 8.3991 3
7.6636 2.6382 3
4.3521 6.3648 3
3.7965 8.5483 3
3.0024 2.5204 3
3.4712 6.9062 3
1.5561 5.1365 3
4.8072 7.1148 3
1.5655 5.8344 3
7.6622 1.6925 3
6.5827 5.3552 3
2.9364 1.6620 3
8.1931 8.3699 3
3.2561 8.0680 3
3.9603 4.4291 3
5.1359 6.4181 3
4.8316 3.9327 3
3.3203 0.9251 3
4.1797 3.0864 3
5.2254 7.0984 3
4.7759 2.3885 3
6.8148 4.0064 3
3.0542 1.2112 3
7.0678 -0.3086 3
6.7492 1.0612 3
7.4935 6.4155 3
3.5661 6.1642 3
1.7165 6.2976 3
2.7944 2.8063 3
6.9124 3.5441 3
4.6796 8.5933 3
6.8399 2.9525 3
3.2491 5.0385 3
4.1155 4.9397 3
5.5238 8.8457 3
6.7046 4.0745 3
9.1507 5.7536 3
3.5777 6.3980 3
4.5953 7.6078 3
7.0143 5.7125 3
3.6638 1.3569 3
7.8056 3.5436 3
4.1359 4.5262 3
2.2732 8.8727 3
8.3315 4.3692 3
6.1775 5.8425 3
7.0190 2.5538 3
4.1406 6.2472 3
5.7071 6.7578 3
2.1908 4.0788 3
4.2147 5.1933 3
1.8539 6.0257 3
2.3201 2.9240 3
5.9347 3.4061 3
6.2480 3.8146 3
7.1738 1.0051 3
5.8746 1.1915 3
8.2315 6.7169 3
9.0749 5.6269 3
4.9692 5.6287 3
5.0847 3.6453 3
8.0627 9.3650 3
5.8919 3.4329 3
4.8622 7.1745 3
5.5971 4.8176 3
0.0766 7.5799 3
8.8756 3.6842 3
6.6474 0.5953 3
3.3802 4.6402 3
5.8687 6.2947 3
5.2342 6.1966 3
8.1313 2.5735 3
6.0506 4.4104 3
8.0372 7.8105 3
3.6838 6.9255 3
3.8362 0.8543 3
5.4699 5.1686 3
4.8024 6.6808 3
4.7296 2.7062 3
1.2270 9.4933 3
2.0220 6.2578 3
5.2966 3.7255 3
6.9078 4.3870 3
9.5864 4.6500 3
4.7097 4.6581 3
5.1440 8.4619 3
6.4280 3.7173 3
7.4892 5.3310 3
5.9922 5.9294 3
6.1161 2.8858 3
1.1201 5.4410 3
9.8691 4.0084 3
5.6939 5.5907 3
3.0489 5.7155 3
5.9309 1.9050 3
4.8002 2.5765 3
4.4390 9.3670 3
5.8272 6.2535 3
5.5933 5.3811 3
7.3112 3.0550 3
3.0433 3.8899 3
2.6858 7.0721 3
4.8903 4.2173 3
7.2774 6.3937 3
6.5444 4.5811 3
